"x"
2005650
2003650
2023680
2019651
2017660
2015650
2013660
2043650
2037653
2035650
2031650
2045653
2051660
2057650
2059653
2063650
2071650
2093650
2097653
2103650
2109653
2119650
2127650
2129660
2139650
2143653
2145660
2147680
2149650
2165652
2167670
2179650
2189650
2195651
2197670
2199650
2201650
2205670
2207653
2219650
2223650
2229653
2241650
2243651
2253660
2261650
2267653
2281651
2283670
2285653
2287660
2291653
2293650
2305651
2307650
2321650
2325660
2327650
2337650
2339651
2349653
2355653
2359650
2367650
2375650
2379653
2389650
2395670
2399670
2409670
2419660
2421651
2427660
2431660
2435680
2437680
2449650
2457670
2463651
2471651
2475653
2491670
2493651
2499660
2503650
2505651
2517650
2523653
2525651
2535652
2541670
2545651
2555653
2559650
2571650
2583650
2589650
2611670
2613650
2617653
2619653
2625653
2629651
2633670
2641650
2667653
2675680
2677650
2681650
2713651
2733650
2739651
2743650
2767650
2769660
2771670
2777670
2785650
2787660
2807650
2811650
2815650
2817670
2823650
2829660
2831680
2835650
2843670
2861650
2863680
2873653
2883650
2887670
2893660
2901651
2903653
2905650
2909653
2911680
2913650
2923650
2929650
2931650
2933652
2935650
2955670
2963670
2965650
2967680
2969650
2991650
2993690
2999650
3005653
3013653
3015650
3021690
3043652
3051650
3053650
3061660
3063660
3073680
3081660
3095670
3103670
3109650
3111650
3119660
3123653
3129670
3133652
3135660
3137650
3141652
3143650
3145650
3153670
3155690
3159650
3161650
3173650
3185650
3189650
3191650
3209651
3211670
3215650
3217660
3221650
3223650
3225690
3229650
3239650
3243680
3257660
3263650
3271650
3277650
3279650
3281670
3283690
3289650
3291670
3293653
3311680
3313650
3317650
3319650
3321660
3327650
3335650
3337650
3341680
3357650
3375670
3381650
3389690
3399653
3401650
3403653
3405653
3407653
3409650
3411650
3421653
3435690
3443650
3445670
3453650
3477660
3485680
3489670
3495650
3499660
3509661
3511650
3515660
3519670
3523650
3529653
3531650
3535650
3537650
3551650
