"x"
2027653
2025653
2009650
2007660
2041650
2039650
2033650
2029650
2049653
2055690
2061650
2065651
2067650
2073650
2075650
2077653
2081660
2083650
2085653
2087650
2105652
2107650
2123652
2125650
2113670
2115650
2117651
2131650
2133650
2137650
2151650
2153660
2155650
2157660
2159650
2161653
2163653
2169653
2171690
2173650
2177653
2181650
2183650
2185670
2187680
2193650
2203653
2215650
2221650
2225650
2227660
2231653
2239650
2255653
2257660
2265651
2271650
2277650
2279650
2289650
2295650
2297650
2301650
2309650
2313680
2315650
2329650
2335650
2341650
2343650
2353670
2365651
2373690
2393650
2405680
2411660
2413660
2433650
2447651
2453653
2455650
2461651
2465680
2473660
2487651
2495653
2507651
2511650
2513680
2519650
2527670
2529680
2531651
2537670
2539660
2543653
2547670
2551650
2565650
2567653
2575653
2579680
2581651
2587650
2597670
2599650
2603650
2637651
2639690
2643651
2647650
2657651
2665650
2669660
2671660
2679660
2695652
2703653
2705653
2709650
2717652
2719650
2725650
2727653
2731670
2751650
2757652
2773651
2775653
2779670
2795690
2799653
2801653
2803670
2805660
2827650
2837680
2841680
2849650
2853660
2855690
2857650
2859650
2871650
2879660
2889660
2895650
2907653
2915650
2917650
2921652
2937653
2939650
2943650
2945660
2957680
2959660
2961650
2971660
2981651
2987670
2995660
2997651
3001670
3009670
3011651
3023652
3025650
3031650
3033660
3047652
3049660
3065652
3069660
3075653
3085650
3087661
3089650
3091650
3099680
3101650
3105660
3113650
3117652
3125660
3127690
3131650
3139650
3149653
3163690
3169650
3181650
3187680
3197670
3203680
3219650
3231650
3241660
3245680
3247652
3249650
3251653
3267660
3273652
3297650
3301660
3315650
3323670
3339680
3343650
3345650
3347653
3361650
3363660
3365650
3367653
3371650
3373660
3377650
3385670
3387660
3391652
3415660
3417653
3419660
3427670
3429653
3431650
3433650
3437650
3439680
3441650
3447650
3455650
3481660
3483651
3487650
3491650
3497650
3501650
3503650
3517653
3525650
3527670
3561650
